6.574237059609518496e+01
6.555195132999580210e+01
6.545346812481631105e+01
6.480250001415339511e+01
6.307454071331319057e+01
6.002211935856314540e+01
5.575630591868493724e+01
5.068016826934942287e+01
4.530324950307006304e+01
3.994214071673850697e+01
3.448562203886475430e+01
2.842076488116034483e+01
2.111948274351022548e+01
1.222383776576580061e+01
1.860802300339308601e+00
-9.375869581477934034e+00
-2.051471393228689877e+01
-3.046575340789103237e+01
-3.889430253532230353e+01
-4.777153473399869199e+01
-6.307553491501722220e+01
-9.733998569856638028e+01
-1.791764057818276967e+02
-3.717912374820656396e+02
-7.747667237307585992e+02
-1.487452313600334264e+03
-2.571870622212883518e+03
-4.043078904047610195e+03
-5.834312852882541847e+03
-7.720931692091839068e+03
-9.289377974556837216e+03
-9.998262858721114753e+03
-9.288932945021719206e+03
-6.720564658523726393e+03
-2.126415427592194646e+03
4.259657542847890909e+03
1.177041504632279248e+04
1.938568317119432686e+04
2.591236408613919411e+04
3.023050058117021763e+04
3.153927351649418051e+04
2.952339083565601322e+04
2.440179395548619141e+04
1.686842737218691036e+04
7.939815508433657669e+03
-1.261447492991112085e+03
-9.720792802812356967e+03
-1.668672488535427692e+04
-2.174901632944756784e+04
-2.483686887796851806e+04
-2.614467691090051449e+04
-2.600957089589783573e+04
-2.478226512576603636e+04
-2.273762775571242673e+04
-2.004204843430377150e+04
-1.677289911813918297e+04
-1.298518915407420354e+04
-8.795901517784674070e+03
-4.433558699179342511e+03
-2.145864318671228830e+02
3.545708778302137034e+03
6.611291182728335116e+03
8.825111503654065018e+03
1.007954573223539774e+04
1.034028966895453232e+04
9.698115641910326303e+03
8.373087668932284942e+03
6.664806696224898587e+03
4.889676854695219845e+03
3.328157851858420145e+03
2.187204601360163451e+03
