-1.550418085079271293e+02
-1.333961268728709797e+02
-1.065224740842233473e+02
-7.604752564794236491e+01
-4.392858986027928836e+01
-1.240074317825222749e+01
1.624454083259846726e+01
4.006493766410517310e+01
5.788354550056208581e+01
6.949298759502562461e+01
7.550731537762116830e+01
7.699713085595078610e+01
7.524846911170894259e+01
7.171130672825177044e+01
6.785008345044069245e+01
6.476104923241935296e+01
6.282609204006676151e+01
6.177940685900608031e+01
6.110764461601880271e+01
6.011713390394929490e+01
5.671506125064157544e+01
4.409610173894990481e+01
6.551092644187463065e+00
-8.053343041282700199e+01
-2.413437599353483733e+02
-4.837462648162286314e+02
-7.864389459540597045e+02
-1.094422415687780813e+03
-1.323191950578278465e+03
-1.374785534239330445e+03
-1.165306518662573581e+03
-6.536295704284827934e+02
1.394820771928259546e+02
1.127219169676094225e+03
2.169678599879226113e+03
3.101144755142463964e+03
3.764774386101916662e+03
4.046589533713534820e+03
3.898847778457532968e+03
3.345625976248116331e+03
2.471609960926079566e+03
1.399982609408102235e+03
2.664368299297161684e+02
-8.049415583361957260e+02
-1.720154667166878426e+03
-2.423453685394459626e+03
-2.894103308327769355e+03
-3.138711913653839929e+03
-3.184184184685701439e+03
-3.069406778502420366e+03
-2.834946097723700859e+03
-2.513791615217758135e+03
-2.127071617689892719e+03
-1.687756672268430066e+03
-1.210466784841522212e+03
-7.190026459133030130e+02
-2.435018622842632112e+02
1.895355396837634885e+02
5.613082742703668373e+02
8.553243643595732237e+02
1.053921328490734140e+03
1.143243537830792093e+03
1.120559638754699790e+03
9.977787026835345614e+02
8.006390043187705032e+02
5.643871986059054962e+02
3.266875837976591583e+02
1.204064202339623790e+02
-2.976255214049263031e+01
-1.071074546782633519e+02
-1.042228090397887996e+02
